00000000000011111110000000000000001111110000000000
00000000001111111111100000000001111111111110000000
00000000011110000011111000000011111111111111000000
00000000111000000000111110000111110000001111100000
00000000111000000000111110001111100000000111100000
00000000111000001111110011110011111110000111100000
00000000111111111111111111111111111111111111100000
00000111111111111111111111111111111111111111100000
00011111111111110000000011100000000111111111111000
00111111111000000111111000001111110000001111111100
00111111111111111111111111111111111111111111111110
00001111111111111111111111111111111111111111111000
00000001111111111111111111111111111111111100000000
00000000000000000000000000000000000000000000000000
00000000000000000000000000000000000000000000000000
00000000000111111111111111111111111000000000000000
00000000001111111111100011111111111110000000000000
00000000001111111000100001100011111111000000000000
00000000011111111111111111111111111111100000000000
00000000011111111100000000000111111111100000000000
00000000011111100011100011101100111111100000000000
00000000011111000100100001100100001111110000000000
00000000011111000111000000011100001111111000000000
00000111111111000000011110000000000111111111000000
00001111111110000000100001100000000011111111100000
00000000000000000000000000000000000000000000000000
2